## GPS vectors 
## McCaffrey, R., A. I. Qamar, R. W. King, R. Wells, G. Khazaradze, C. A. Williams, 
##   C. W. Stevens, J. J. Vollick, and P. C. Zwick, Fault locking, block rotation
##   and crustal deformation in the Pacific Northwest, Geophysical Journal 
##   International, 2007.
## North America reference frame (see text)
## Long.     Lat.       Ve      Vn       Se      Sn    Rho  Site
## (2f9.3, f9.2, f8.2, 1x, 2f8.2, f7.3, 1x, a8)
  240.017   43.590    -1.90    2.25     0.59    0.64 -0.089 0047_GPS
  235.842   41.933     1.51   11.78     0.68    0.73 -0.024 0113_GPS
  238.742   41.671    -2.44    4.05     1.58    1.61  0.027 0209_GPS
  240.006   40.245    -6.77    5.00     0.75    0.80  0.007 0226_GPS
  244.168   41.511    -2.84   -0.62     0.80    0.75 -0.009 036C_GPS
  237.059   42.397    -0.30    6.59     1.75    1.01 -0.172 1214_GPS
  243.534   42.656    -2.38    1.81     0.86    0.84  0.003 16EM_GPS
  239.335   47.768     1.73    2.53     0.52    0.55 -0.020 1882_GPS
  238.095   46.542     2.74    5.03     0.48    0.59  0.036 217U_GPS
  235.676   43.344     5.08   11.27     0.58    0.45 -0.064 2780_GPS
  237.409   45.216     2.52    7.39     2.32    1.09 -0.025 4S9B_GPS
  236.549   48.124     5.93    4.86     0.73    0.92 -0.014 4Z9A_GPS
  240.581   41.173    -4.19    2.25     0.70    0.73  0.018 74LR_GPS
  240.619   48.375    -1.77    1.58     4.11    1.90 -0.261 7LC0_GPS
  236.233   46.207     7.50   18.75     5.89    4.03 -0.399 9040_GPS
  238.825   43.313    -1.55    4.45     0.70    0.69 -0.024 A074_GPS
  235.940   44.587     6.77    9.49     0.28    0.27  0.001 A16N_GPS
  236.467   46.991     7.10    6.10     0.53    0.60 -0.046 A479_GPS
  239.575   48.594     0.70    1.77     0.95    0.92 -0.048 A515_GPS
  239.256   45.475     0.42    3.06     0.60    0.62 -0.005 A545_GPS
  241.549   43.216    -2.62    1.23     0.73    0.72 -0.042 A699_GPS
  237.796   48.711     3.29    4.28     0.79    1.01 -0.058 ACME_GPS
  248.936   42.773    -0.37   -1.07     0.44    0.44  0.007 AHID_GPS
  242.185   44.833    -0.69    0.35     0.56    0.50 -0.012 AIRP_GPS
  244.842   37.358    -3.28   -0.16     0.39    0.38  0.005 ALAM_GPS
  236.513   48.390     5.40    4.55     0.42    0.42  0.000 ALBH_GPS
  232.481   50.458    -0.19    3.01     0.73    0.75  0.016 ALCC_GPS
  234.507   49.738     5.28    5.96     1.02    1.05 -0.040 ALEX_GPS
  281.929   45.956     0.19   -0.52     0.67    0.67  0.003 ALGO_GPS
  240.001   42.954    -2.48    3.56     0.62    0.70 -0.045 ALKA_GPS
  238.253   42.209    -3.43    5.15     0.40    0.44 -0.068 ALTA_GPS
  233.453   49.789     5.88    5.89     0.74    0.78 -0.025 ANAW_GPS
  234.685   50.491     2.35    3.11     0.85    0.88 -0.022 ANNA_GPS
  245.068   36.319    -3.39   -0.29     0.38    0.37  0.005 APEX_GLA
  237.015   46.671     3.77    5.74     0.40    0.40 -0.002 APSA_GPS
  242.478   36.050    -7.28    5.84     0.40    0.39  0.003 ARGU_GLA
  237.842   48.162     2.67    2.90     0.44    0.45 -0.008 ARLI_GPS
  237.846   48.170     2.85    3.64     0.59    0.68 -0.045 ARLO_GPS
  237.193   46.477     8.84    3.69     1.45    1.67  0.061 ARP0_GPS
  237.293   42.216    -5.03    7.50     0.68    0.75 -0.042 ASH0_GPS
  236.168   46.173     7.28    8.29     0.76    0.78 -0.028 ASTO_GPS
  241.529   45.813    -0.24    0.45     0.52    0.51 -0.047 ATHE_GPS
  236.747   49.337     3.11    3.50     1.17    0.93  0.075 ATKI_GPS
  237.751   47.686     4.25    3.18     0.58    0.58 -0.003 AVA2_GPS
  237.751   47.686     4.25    3.18     0.58    0.58 -0.003 AVIA_GPS
  236.747   42.799    -0.60    8.34     0.75    0.74 -0.102 AZAL_GPS
  238.574   47.735     3.63    3.10     0.54    0.56 -0.031 B059_GPS
  241.271   40.848    -4.54    2.72     0.88    0.91  0.068 B073_GPS
  237.245   47.501     4.92    5.58     0.58    0.64 -0.002 B197_GPS
  240.273   46.578     0.72    1.71     0.55    0.61 -0.038 B317_GPS
  236.803   44.149     2.42    5.00     0.91    0.99 -0.109 B737_GPS
  236.589   43.129    -0.68    8.53     0.66    0.72 -0.035 B741_GPS
  238.326   48.865     1.55    1.99     1.24    1.39 -0.043 BAKR_GPS
  235.934   44.830     7.39    9.81     0.57    0.59 -0.042 BAL2_GPS
  235.842   49.347     4.77    5.27     0.55    0.60  0.025 BALL_GPS
  234.866   48.828     8.60    7.46     0.78    0.96 -0.047 BAMF_GPS
  237.453   45.781     2.96    5.76     0.42    0.45 -0.059 BATT_GPS
  236.349   48.316     5.53    4.82     1.31    0.93  0.144 BCHD_GPS
  234.777   49.650     5.80    4.60     0.72    0.78 -0.036 BCHR_GPS
  233.157   50.544     2.79    4.20     0.69    0.71 -0.011 BCOV_GPS
  243.379   37.040    -0.80   -3.36     4.45    4.45 -0.001 BEAT_GLA
  238.195   43.133    -2.19    5.09     0.40    0.45 -0.077 BEAV_GPS
  237.465   48.791     3.83    2.09     1.95    1.14  0.039 BHAP_GPS
  236.419   46.146     4.74    6.43     0.54    0.60 -0.019 BIGC_GPS
  241.470   45.600    -0.37    1.03     1.08    0.92 -0.019 BIGH_GPS
  235.514   42.801     3.53   12.79     0.43    0.42 -0.012 BLCO_GPS
  237.536   43.160    -0.65    5.99     0.38    0.40 -0.005 BLK4_GPS
  236.740   47.955     5.69    5.16     0.38    0.40  0.003 BLUE_GPS
  237.072   48.016     4.55    4.46     0.87    0.96  0.010 BLYN_GNI
  238.341   48.273     2.67    1.95     0.58    0.59 -0.025 BM31_GPS
  236.164   42.792    -0.02    9.35     0.35    0.35 -0.029 BOLI_GPS
  235.284   48.594     5.23    7.30     6.66    3.83  0.412 BONI_GPS
  237.004   49.078     3.68    3.99     1.23    0.94  0.098 BOUN_GPS
  243.598   46.857     1.16    0.48     0.75    0.70 -0.009 BOVL_GPS
  236.588   45.065     3.67    6.52     0.95    0.97  0.001 BRAE_GPS
  240.317   48.132     1.37    1.60     0.61    0.64 -0.007 BREW_GPS
  237.847   37.919   -15.20   16.28     0.30    0.29  0.005 BRIB_GPS
  295.304   32.370     0.06   -0.20     0.50    0.54 -0.048 BRMU_GPS
  239.400   43.814    -1.08    3.18     0.44    0.45 -0.046 BROT_GPS
  237.556   47.306     3.73    2.80     0.98    1.18 -0.021 BROW_GPS
  234.360   50.125     4.39    4.48     0.76    0.79  0.000 BRWV_GPS
  236.274   43.660     2.23    8.72     0.61    0.62 -0.056 BSTR_GPS
  232.890   50.961    -1.25    4.42     0.86    0.91  0.010 BULC_GPS
  243.128   36.918    -2.81    0.67     4.45    4.45  0.000 BULL_GLA
  242.156   42.780    -2.46    0.84     0.87    0.87  0.000 BURN_GPS
  243.549   36.745    -3.49    0.12     0.38    0.37  0.004 BUST_GLA
  240.189   47.242     1.72    1.55     0.76    0.74  0.014 C033_GPS
  239.499   41.510    -3.54    3.99     1.58    0.93 -0.078 C093_GPS
  242.431   46.486     0.18    1.63     0.63    0.66 -0.031 C334_GPS
  236.900   44.633     4.21    7.02     0.88    1.14 -0.214 C715_GPS
  235.437   42.836     5.33   13.57     0.45    0.45  0.000 CABL_GPS
  232.046   51.544    -1.96    2.39     0.91    0.95  0.014 CALV_GPS
  236.222   43.002    -0.14    9.31     0.43    0.43 -0.003 CAM4_GPS
  236.040   45.862     7.61    8.58     0.38    0.40 -0.040 CANN_GPS
  235.435   42.837     4.99   14.02     0.41    0.40 -0.021 CAPE_GPS
  237.401   48.513     5.18    3.21     0.92    1.08 -0.042 CAPS_GPS
  249.323   39.191    -0.34   -0.09     0.34    0.33  0.007 CAST_GPS
  240.451   45.344    -0.17    2.11     0.53    0.57 -0.055 CBL1_GPS
  241.411   46.973     0.62    1.76     0.52    0.52 -0.040 CC25_GPS
  247.140   40.681    -3.17   -0.69     0.30    0.29  0.009 CEDA_GPS
  236.154   45.214     5.19    8.28     0.59    0.63 -0.019 CEDC_GPS
  237.881   37.724   -16.47   17.99     0.35    0.34  0.002 CHAB_1PS
  237.009   45.524     3.18    6.14     0.42    0.47 -0.066 CHAS_GPS
  183.434  -43.956   -38.88   50.12     0.35    0.42  0.205 CHAT_GPS
  236.297   48.920     5.58    4.93     0.81    0.73  0.024 CHEM_GPS
  243.234   36.747    -3.60    0.56     0.38    0.37  0.004 CHLO_GLA
  238.335   39.433   -10.96    6.77     0.36    0.35  0.000 CHO1_GPS
  265.911   58.759     0.70   -0.05     0.24    0.24  0.008 CHUR_GPS
  237.992   49.157     2.37    2.15     0.32    0.32 -0.006 CHWK_GPS
  236.022   45.487     6.22    9.26     0.40    0.41  0.020 CHZZ_GPS
  236.795   46.105     4.73    6.81     1.06    1.11 -0.017 CLAT_GPS
  237.425   45.326     1.75    8.01     1.04    1.27 -0.060 CLCC_GPS
  237.639   45.296     1.34    5.10     0.59    0.64 -0.031 CLFH_GPS
  239.614   38.034   -12.95    7.43     0.53    0.52 -0.002 CMB0_GPS
  239.614   38.034   -10.19    7.93     0.41    0.40 -0.005 CMBB_GPS
  235.604   40.442    -9.05   30.84     0.79    0.79  0.000 CME1_GPS
  238.722   37.896   -12.98    7.59     0.34    0.33  0.001 CNDR_GPS
  236.326   48.465     5.74    4.80     1.31    1.01  0.149 CNSP_GPS
  236.297   46.973     8.50    7.37     0.52    0.59 -0.033 CNTR_GPS
  243.204   47.743     0.86    0.16     0.52    0.51  0.006 COEU_GPS
  237.170   44.208     2.35    6.40     1.00    1.02 -0.178 COLR_GPS
  236.083   46.057     7.80    7.71     0.55    0.58 -0.004 COND_GPS
  247.879   40.653    -2.49   -0.89     0.32    0.32  0.010 COON_GPS
  236.695   44.586     3.16    6.97     0.32    0.32  0.001 CORV_GPS
  242.180   45.297    -0.74    0.82     0.79    1.03 -0.050 COVE_GPS
  231.401   50.813    -0.19    2.91     0.90    0.95  0.002 COXI_GPS
  237.743   46.840     3.06    4.60     0.56    0.56  0.001 CPXF_GNI
  243.431   36.808    -3.39    0.28     0.38    0.37  0.004 CRAT_GLA
  238.056   43.530    -0.57    5.04     0.90    0.75 -0.003 CRES_GPS
  236.681   43.986     1.92    8.30     0.67    0.71 -0.071 CROW_GPS
  241.014   47.971     1.36   -0.04     1.19    1.10 -0.033 CRWN_GPS
  237.081   46.283     3.75    6.44     0.62    0.69 -0.035 CSTL_GPS
  241.618   47.127     0.55    1.62     0.96    1.15 -0.069 CTHS_GPS
  237.765   44.119     0.98    5.12     1.21    1.03 -0.038 CUGR_GPS
  236.401   44.377     3.49    8.26     0.50    0.53 -0.055 CURT_GPS
  240.177   45.813    -0.04    2.42     0.49    0.54 -0.068 D639_GPS
  241.068   43.960    -1.41    1.27     0.76    0.71 -0.089 D706_GPS
  238.825   45.618     1.39    3.34     0.35    0.41  0.002 DALL_GPS
  236.607   43.242    -1.67    9.39     0.93    0.73 -0.084 DARL_GPS
  235.680   49.599     4.43    5.20     0.54    0.57  0.014 DAVI_GPS
  240.461   44.472     3.48    6.66     1.07    1.29 -0.108 DAYV_GPS
  241.019   37.744    -9.57    8.50     0.80    0.79 -0.001 DDMN_GPS
  236.756   43.119    -0.15    7.47     0.68    0.69  0.005 DDSN_GPS
  236.545   43.126     0.06    7.92     0.73    0.79 -0.032 DELI_GPS
  238.084   37.879   -12.41   10.91     0.34    0.33 -0.001 DIAB_GPS
  236.773   48.425     4.61    4.66     1.37    0.99  0.154 DISC_GPS
  236.725   46.631     4.85    6.81     0.46    0.52 -0.037 DOTT_GPS
  236.653   48.493     4.97    4.02     1.30    0.93  0.185 DOUG_GPS
  240.375   49.323     0.62    1.14     0.59    0.58  0.008 DRAO_GPS
  264.134   50.259    -0.79   -0.87     0.31    0.29  0.010 DUBO_GPS
  236.890   48.181     6.73    3.17     1.20    1.23  0.047 DUNG_GPS
  237.613   47.595     4.87    5.34     1.17    1.46 -0.070 DUWA_GPS
  241.961   37.743    -4.72    2.92     0.39    0.38  0.003 DYER_GPS
  239.820   45.243     1.32    1.93     0.76    0.76 -0.032 E040_GPS
  243.588   43.075    -1.96    0.42     0.97    1.00 -0.043 E072_GPS
  236.709   44.391     4.72    7.21     0.59    0.63  0.069 E141_GPS
  239.408   47.559     3.29    2.68     1.25    0.95 -0.037 E518_GPS
  236.591   47.939     6.81    4.31     0.45    0.47  0.013 EA40_GPS
  236.024   49.753     3.52    4.25     0.48    0.52 -0.009 EARL_GPS
  238.829   47.232     4.95    4.16     0.47    0.48 -0.006 EASN_GPS
  245.736   37.916    -3.18   -0.86     0.34    0.33  0.007 ECHO_GPS
  236.233   44.612     5.42    7.95     1.04    1.25 -0.291 EDDY_GPS
  245.061   39.345    -4.89   -0.42     0.56    0.56  0.001 EGAN_GPS
  232.877   49.873     5.18    6.26     0.70    0.73  0.002 ELIZ_GPS
  244.183   40.915    -4.11    0.01     0.34    0.33  0.004 ELKO_GPS
  237.655   46.301     2.07    6.48     0.69    0.72 -0.063 ELKR_GPS
  248.071   41.253    -0.45   -0.56     0.33    0.32  0.013 EOUT_GPS
  237.667   45.299     1.35    5.10     0.59    0.64 -0.031 ESTA_GPS
  236.837   44.079     1.99    7.12     0.82    0.94 -0.122 EZEL_GPS
  243.551   44.669     0.85    1.23     0.89    0.64 -0.016 F408_GPS
  238.803   44.269    -0.62    4.17     1.31    1.27 -0.144 F735_GPS
  235.801   43.340     4.49   11.56     0.97    1.11 -0.096 F751_GPS
  237.375   42.142    -3.23    5.43     0.77    0.89 -0.065 F760_GPS
  243.881   45.942    -0.25   -0.02     0.74    0.84  0.005 FAAS_GPS
  212.501   64.978     0.10   -2.23     0.33    0.31  0.035 FAIR_GPS
  238.867   46.629     2.58    2.70     0.81    0.75 -0.006 FALL_GPS
  236.999   37.697   -28.00   36.51     1.16    1.15  0.000 FARB_1PS
  236.999   37.697   -29.11   38.88     0.69    0.68  0.004 FARB_GPS
  236.661   42.423    -1.86    8.54     0.60    0.66 -0.124 FARO_GPS
  237.347   43.586    -0.05    7.45     0.66    0.75 -0.065 FARV_GPS
  236.624   47.015     5.60    6.69     0.50    0.56 -0.040 FARW_GPS
  241.845   48.278    -0.60    0.01     1.29    1.71 -0.046 FERR_GPS
  236.140   44.019     4.52    9.56     1.56    1.54 -0.012 FHAM_GPS
  234.302   49.883     4.43    4.21     0.75    0.79 -0.024 FILB_GPS
  235.732   42.046     3.19   11.85     0.74    0.62 -0.104 FISH_GPS
  244.685   46.339     0.89    0.48     0.69    0.76 -0.038 FLAT_GPS
  258.022   54.726     0.19   -1.27     0.27    0.25  0.011 FLIN_GPS
  246.195   39.369    -3.37   -0.50     0.33    0.32  0.002 FOOT_GPS
  241.042   45.138     0.50    1.26     0.69    0.83 -0.112 FORE_GPS
  235.604   47.937    12.92    9.18     0.53    0.54 -0.008 FORK_GPS
  239.780   45.000    -0.75    2.15     0.92    0.92 -0.021 FOSS_GPS
  234.718   49.192     6.41    6.16     0.60    0.63 -0.005 FOUR_GPS
  236.500   46.541     6.11    7.65     0.48    0.51 -0.049 FRAN_GPS
  234.493   48.985     9.08    9.01     0.79    0.89  0.001 FRDC_GPS
  247.501   36.988    -1.53   -0.55     0.39    0.38  0.008 FRED_GPS
  237.397   48.892     3.58    3.54     1.06    1.35 -0.048 FRND_GPS
  236.044   46.205     8.52    8.74     0.26    0.26  0.000 FTS1_GPS
  240.048   42.098    -3.52    3.68     0.67    0.75 -0.031 G118_GPS
  238.731   48.674     2.81    2.34     0.61    0.62 -0.024 G370_GPS
  243.627   46.142     0.38    0.43     0.72    0.83 -0.032 G404_GPS
  239.491   44.353    -0.95    1.84     1.37    1.12 -0.108 G753_GPS
  242.084   38.970    -4.13    1.08     0.39    0.38  0.003 GABB_GPS
  236.180   49.203     4.57    4.39     0.70    0.66  0.042 GABR_GPS
  242.877   47.660     0.00   -0.78     2.34    2.52  0.000 GAGE_GPS
  240.645   40.417    -5.75    2.53     0.31    0.30  0.002 GARL_GPS
  236.930   45.612     2.97    5.65     0.46    0.48  0.009 GARY_GPS
  241.923   43.744    -1.81    1.12     1.20    0.84 -0.157 GENT_GPS
  234.636   49.552     5.64    4.30     0.71    0.76 -0.040 GLAC_GPS
  237.213   47.549     5.42    4.59     0.41    0.43 -0.004 GLDH_GPS
  235.572   42.421     3.71   12.82     0.44    0.39 -0.027 GO89_GPS
  239.185   45.839     1.20    2.49     0.48    0.48  0.001 GOBS_GPS
  283.173   39.022     0.19    0.28     0.29    0.29  0.043 GODE_GPS
  245.820   40.640    -3.52   -0.51     0.31    0.30  0.008 GOSH_GPS
  235.822   47.114    13.54   12.58     0.45    0.50 -0.013 GP14_GPS
  238.375   47.138     2.49    2.85     0.63    0.64  0.118 GP17_GPS
  238.406   48.486     1.16    2.29     0.58    0.57 -0.017 GP29_GPS
  236.351   46.334     6.73    7.08     0.61    0.64 -0.001 GP35_GPS
  237.857   48.917     2.56    1.70     0.70    0.86 -0.059 GP37_GPS
  235.900   46.903    10.84   10.94     0.47    0.48 -0.007 GRAY_GPS
  237.474   41.555    -4.43    4.38     1.13    1.39 -0.173 GREN_GPS
  235.721   47.304    14.79   12.39     0.33    0.35 -0.005 GREV_GPS
  235.296   48.996     7.24    7.16     0.63    0.67 -0.002 GREY_GPS
  236.361   45.082     4.21    6.49     0.47    0.48 -0.004 GRND_GPS
  238.223   48.539     3.40    3.87     0.83    1.03 -0.063 GRSM_GPS
  246.759   43.244    -2.05   -0.61     0.34    0.34  0.006 GTRG_GPS
  238.672   45.783     2.29    2.31     0.97    0.97  0.000 GWEN_GPS
  243.813   41.962    -3.21    0.60     0.76    0.71  0.018 H318_GPS
  239.785   45.745     0.76    2.13     1.30    1.51 -0.037 H428_GPS
  237.824   47.485     3.26    3.90     0.70    0.74 -0.014 HAFF_GPS
  235.935   44.602     6.59    8.96     0.42    0.44 -0.050 HAMI_GPS
  235.041   49.069     6.12    6.11     0.60    0.63 -0.006 HAND_GPS
  236.430   45.885     5.10    6.58     0.50    0.52 -0.003 HANS_GPS
  232.619   50.698    -0.11    3.31     0.77    0.80  0.025 HARD_GPS
  235.924   46.300     9.56   10.48     0.73    0.74 -0.005 HEAD_GPS
  248.627   40.514    -0.87   -0.40     0.31    0.30  0.018 HEBE_GPS
  237.199   45.857     2.98    6.94     0.40    0.44 -0.031 HELE_GPS
  234.159   50.335     3.37    4.18     0.76    0.78  0.004 HKUS_GPS
  245.586   43.563    -2.07   -0.39     0.39    0.39 -0.003 HLID_GPS
  231.865   50.640     0.11    3.73     0.63    0.63  0.011 HOLB_GPS
  236.925   38.995   -18.95   21.22     0.33    0.32  0.001 HOPB_GPS
  237.120   44.990     2.81    6.81     0.47    0.49 -0.056 HOWE_GPS
  240.741   45.827    -0.25    1.38     0.49    0.51 -0.020 HRMA_GPS
  237.189   45.179     4.15    7.27     1.07    1.28 -0.020 HUBB_GPS
  236.471   47.990     6.60    5.65     0.45    0.47 -0.007 HUR2_GPS
  238.151   44.120    -3.35   11.08     0.77    0.79  0.000 HUSB_GPS
  238.608   47.388     2.93    2.35     1.07    1.33 -0.038 HYAK_GPS
  237.115   48.420     4.95    4.14     0.58    0.50  0.035 ICEB_GPS
  241.120   46.251    -0.78    1.48     1.42    1.18 -0.103 ICEH_GPS
  236.318   42.104    -1.88    9.27     0.66    0.53 -0.134 ILLA_GPS
  237.174   44.795     2.84    6.32     0.54    0.58 -0.062 IMP0_GPS
  236.051   45.273     5.68    9.48     1.41    1.53 -0.016 ISLE_GPS
  240.143   44.119    -0.81    2.27     0.48    0.51 -0.053 J090_GPS
  237.029   44.876     2.61    6.39     0.98    1.14 -0.112 JAIL_GPS
  236.122   45.906     6.71    7.93     0.60    0.68 -0.020 JEFF_GPS
  231.735   50.646    -1.47    3.84     0.92    0.94  0.004 JENS_GPS
  235.906   42.815     0.82   10.03     0.68    0.67 -0.042 JHNS_GPS
  234.603   50.033     4.16    4.33     0.76    0.78 -0.020 JHRT_GPS
  240.915   37.772    -9.59    8.52     0.80    0.79 -0.001 JNPR_GPS
  243.901   36.459    -3.32   -0.26     0.38    0.37  0.004 JOHN_GLA
  240.372   44.623    -0.80    1.14     0.67    0.67  0.005 JONY_GPS
  242.947   42.980    -3.06   -0.09     2.18    1.36 -0.257 JORD_GPS
  242.748   45.349    -0.37    0.39     0.54    0.57 -0.049 JOSE_GPS
  235.897   48.465     6.73    5.24     1.26    1.08  0.085 JRDR_GPS
  237.782   46.275     3.18    6.43     0.48    0.48  0.000 JRO1_GPS
  239.053   44.920     0.40    2.93     0.53    0.61 -0.039 JUNC_GPS
  240.067   42.930    -2.30    2.74     0.43    0.44 -0.060 JUNI_GPS
  237.123   42.323    -2.46    7.36     0.46    0.53 -0.011 JUST_GPS
  242.941   48.179     0.87    0.05     0.60    0.67  0.001 JUSW_GPS
  242.268   48.208     0.43    1.41     0.87    1.00 -0.011 K024_GPS
  243.995   46.213     1.28    1.26     0.61    0.68 -0.024 KAMI_GPS
  241.341   48.698     1.08    0.97     0.93    0.65 -0.041 KELL_GPS
  241.204   48.061    -1.45   -1.18     9.12    4.12 -0.265 KELR_GPS
  237.104   46.118     3.05    5.78     0.39    0.40 -0.001 KELS_GPS
  237.104   46.118     3.05    5.78     0.39    0.40 -0.001 KELX_GPS
  309.055   66.987     0.81    0.18     0.31    0.28 -0.050 KELY_GPS
  232.229   51.854    -3.74    2.47     0.93    0.96  0.014 KING_GPS
  237.352   47.735     5.73    4.62     0.67    0.81 -0.074 KINW_GPS
  236.280   46.089     6.48    7.21     0.64    0.71  0.047 KLAS_GPS
  232.836   50.573     1.36    4.70     1.20    1.23  0.003 KLUC_GPS
  232.101   50.486     2.75    2.86     0.84    0.86  0.015 KOPR_GPS
  237.205   47.547     3.40    3.81     0.48    0.48  0.000 KTBW_GNI
  167.730    8.722   -69.98   44.70     0.65    0.64 -0.103 KWJ1_GPS
  239.937   47.656     1.30    1.68     0.60    0.57 -0.039 L387_GPS
  237.044   44.566     2.79    6.30     0.60    0.62 -0.095 LANG_GPS
  237.912   45.533     1.63    7.64     1.18    1.21  0.000 LARC_GPS
  242.868   47.274     1.05    1.30     0.66    0.77 -0.040 LATA_GPS
  236.176   48.612     5.17    4.17     1.15    0.98  0.067 LAZA_GPS
  236.762   43.706     1.50    6.38     0.68    0.83 -0.004 LESL_GPS
  226.907   56.466    -4.16    4.38     0.95    0.86 -0.014 LEV1_GPS
  237.379   47.094     3.67    6.54     0.57    0.63 -0.016 LEWG_GPS
  243.138   40.404    -2.78   -0.88     0.35    0.35  0.004 LEWI_GPS
  240.983   37.637    -9.53    8.58     0.36    0.35  0.002 LINC_GPS
  239.461   47.000     1.55    2.21     0.37    0.38  0.000 LINH_GPS
  237.661   48.425    -0.99    3.30     5.12    5.24 -0.006 LION_GPS
  243.692   36.746    -3.33   -0.19     0.38    0.37  0.004 LITT_GLA
  236.330   48.150     6.77    4.36     2.04    2.23 -0.009 LK42_GNI
  236.330   48.150     6.26    5.13     0.78    0.85 -0.028 LK42_GPS
  238.169   47.944     1.53    3.30     0.57    0.59  0.030 LKCP_GNI
  236.330   48.150     6.08    4.47     3.23    1.99  0.160 LKR1_GPS
  249.600   44.565    -1.31    0.71     0.23    0.22  0.025 LKWY_GPS
  248.072   40.261    -2.83   -0.69     0.47    0.46  0.006 LMUT_GPS
  240.646   41.997    -3.74    2.47     0.66    0.70 -0.071 LOPE_GPS
  237.205   43.922     2.20    5.63     1.08    1.07 -0.009 LOWL_GPS
  240.663   47.185     0.58    0.95     0.45    0.48 -0.028 LSII_GPS
  235.941   42.552     2.16   10.73     1.32    1.20 -0.005 LUCA_GPS
  238.135   37.287   -20.33   22.91     0.33    0.32  0.001 LUTZ_GPS
  236.174   48.160     6.58    6.13     2.59    1.41  0.010 LYRE_GPS
  235.678   42.183     3.15   13.72     0.76    0.70 -0.055 M746_GPS
  236.869   45.190     2.91    7.37     1.07    1.14 -0.037 MACK_GPS
  249.311   44.973     0.96    0.97     0.33    0.32  0.008 MAWY_GPS
  238.778   42.418    -7.48    7.18     1.15    1.08 -0.129 MDMT_GPS
  255.985   30.681    -0.42   -0.51     0.30    0.28  0.032 MDO1_GPS
  234.503   50.231     2.58    4.44     0.74    0.75  0.001 MENZ_GPS
  244.021   36.633    -3.24   -0.55     0.38    0.37  0.005 MERC_GLA
  240.993   46.621     0.31    1.50     0.56    0.52 -0.037 MESA_GPS
  238.357   37.342   -13.11   10.76     0.33    0.32  0.002 MHCB_GPS
  237.520   44.752     2.25    5.88     0.53    0.58 -0.040 MILL_GPS
  243.904   40.148    -2.91   -0.09     0.36    0.36 -0.006 MINE_GPS
  204.544   19.801   -61.16   50.77     0.44    0.43  0.032 MKEA_GPS
  233.942   50.104     4.63    4.06     0.78    0.82 -0.032 MOAK_GPS
  239.697   41.902    -4.75    3.66     0.51    0.51 -0.001 MODB_1PS
  237.580   37.947   -18.76   22.93     0.32    0.31  0.005 MOLA_GPS
  238.133   37.485   -16.21   16.04     0.34    0.33  0.001 MONB_GPS
  236.165   44.777     5.22    8.37     0.50    0.46 -0.010 MOON_GPS
  237.730   46.551     3.44    5.12     0.32    0.33 -0.002 MORT_GPS
  238.065   47.142     2.32    3.89     0.46    0.48 -0.020 MRS1_GNI
  236.448   44.504     4.15    7.85     0.57    0.56 -0.016 MRY5_GPS
  238.458   46.000     2.14    5.01     0.83    0.86 -0.037 MTAD_GPS
  238.066   47.142     2.31    3.88     0.46    0.48 -0.020 MUDM_GPS
  240.691   37.170   -10.95    8.86     0.69    0.69 -0.008 MUSB_GPS
  249.952   40.103    -5.33   -1.80     3.94    2.53  0.324 MYT1_GPS
  236.212   45.907     5.42    8.35     0.68    0.73 -0.038 N274_GPS
  235.881   48.198     8.34    6.80     0.63    0.78 -0.039 N469_GPS
  236.618   42.621    -2.56    8.71     1.54    1.42 -0.032 N748_GPS
  235.001   49.949     4.54    5.02     0.72    0.75 -0.011 NACH_GPS
  247.770   41.016    -1.54   -0.86     0.32    0.31  0.008 NAIU_GPS
  235.914   49.295     4.48    4.92     0.33    0.32  0.000 NANO_GPS
  235.401   48.370     9.67    8.21     0.50    0.50  0.002 NBCG_GPS
  235.375   48.298    10.26    8.39     0.47    0.47 -0.001 NEAH_GPS
  236.034   45.134     7.36    9.32     0.39    0.40 -0.073 NESK_GPS
  236.772   44.925     3.41    7.41     0.62    0.65 -0.080 NESM_GPS
  235.938   44.585     6.77    9.49     0.28    0.27  0.001 NEWP_GPS
  236.555   46.100     6.19    7.32     2.73    1.37  0.434 NICR_GPS
  268.425   41.772     0.00    0.15     0.26    0.25  0.032 NLIB_GPS
  248.370   45.597    -0.24   -1.07     0.44    0.45  0.014 NOMT_GPS
  233.383   49.592     6.69    8.50     0.70    0.73 -0.005 NTKA_GPS
  240.317   48.131     1.37    1.60     0.61    0.64 -0.007 NWVL_GPS
  237.501   43.752     0.08    5.98     0.43    0.45 -0.008 OAKR_GPS
  249.168   44.452    -0.87   -2.90     1.93    1.93  0.001 OFWY_GPS
  241.039   44.410    -1.66    1.91     0.74    0.71 -0.066 OGIL_GPS
  237.727   38.006   -15.70   17.34     0.72    0.72 -0.003 OHLN_GPS
  239.674   47.480     2.65    1.64     0.97    1.00 -0.006 OHME_GNI
  235.736   49.228     4.91    5.20     0.51    0.53  0.009 OKAY_GPS
  237.092   46.967     3.99    5.60     0.38    0.32 -0.013 OLYM_GPS
  236.769   42.692    -0.52    6.37     2.50    2.30  0.032 ONIO_GPS
  236.076   46.972    10.38    8.70     0.45    0.47 -0.022 OP25_GPS
  237.339   47.446     4.73    3.62     0.99    1.15 -0.030 ORCC_GPS
  237.340   47.447     4.73    3.62     0.99    1.15 -0.030 ORCT_GPS
  238.500   39.555   -10.67    6.59     0.33    0.32  0.001 ORVB_GPS
  237.858   47.636     2.70    3.76     0.87    0.99 -0.039 OVER_GPS
  234.600   49.823     4.69    4.91     0.73    0.77 -0.035 OYST_GPS
  235.825   43.124     1.99   10.09     0.54    0.56 -0.015 P75Z_GPS
  235.795   47.213    13.45   11.55     0.28    0.28 -0.002 PABH_GPS
  234.957   48.865     8.18    7.17     0.56    0.58 -0.005 PACH_GPS
  237.125   42.336    -1.52    6.82     1.61    0.86 -0.259 PACI_GPS
  238.325   46.607     2.00    4.53     0.97    0.99  0.008 PACK_GPS
  237.728   47.908     2.92    3.04     0.81    0.88 -0.026 PAIN_GPS
  239.451   42.704    -2.22    2.59     0.78    0.92 -0.143 PAIS_GPS
  236.540   46.268     6.65    8.13     0.50    0.57 -0.007 PARK_GPS
  240.969   45.499     0.67    1.69     0.87    0.87 -0.001 PAUL_GPS
  237.581   37.853   -23.08   21.61     0.35    0.34  0.003 PBL1_GPS
  237.581   37.853   -23.08   21.61     0.35    0.34  0.003 PBL2_GPS
  243.314   36.902    -2.88   -3.22     4.30    4.30 -0.002 PERL_GLA
  237.031   44.510     2.41    6.58     0.74    0.82 -0.091 PETE_GPS
  236.549   48.648     4.70    4.12     0.53    0.53  0.000 PGC4_GPS
  238.717   44.061    -0.47    3.64     0.65    0.67 -0.020 PIBU_GPS
  251.881   34.302    -0.83   -0.75     0.82    0.81  0.004 PIE1_GPS
  233.878   49.619     7.00    5.23     0.73    0.77 -0.037 PIER_GPS
  237.317   47.922     5.02    3.78     0.62    0.70 -0.056 PLUD_GPS
  235.555   49.710     3.57    4.56     0.58    0.64  0.012 POCA_GPS
  243.880   36.580    -3.17   -0.32     0.38    0.37  0.004 POIN_GLA
  235.883   44.170     5.91    9.02     1.49    1.50 -0.006 PONS_GPS
  238.065   38.203   -11.30    8.50     0.35    0.34 -0.001 POTB_GPS
  235.544   49.807     4.56    4.37     0.60    0.67  0.019 POWE_GPS
  237.610   37.187   -28.96   35.39     0.35    0.34  0.002 PPT1_GPS
  236.176   45.421     4.94    9.06     1.09    1.29 -0.032 PRAI_GPS
  245.707   50.871     0.76   -1.14     0.34    0.33  0.002 PRDS_GPS
  237.075   46.040     3.30    7.08     0.75    0.65 -0.086 PRES_GPS
  239.135   44.301    -0.43    4.19     0.58    0.55 -0.061 PRIN_GPS
  237.489   42.741    -1.89    6.77     0.71    0.80 -0.078 PROS_GPS
  235.139   49.256     5.30    5.16     0.73    0.72 -0.003 PTAL_GPS
  236.505   48.117     5.19    5.27     0.66    0.65 -0.005 PTAN_GPS
  232.625   50.686    -0.10    4.85     0.73    0.70 -0.018 PTHY_GPS
  236.981   37.996   -26.41   35.48     0.46    0.46 -0.002 PTRB_4PS
  237.280   46.533     4.53    5.60     0.56    0.66 -0.077 PTS5_GPS
  235.745   41.783     2.13   11.65     0.39    0.39 -0.002 PTSG_GPS
  237.992   47.500     2.59    3.28     0.40    0.41  0.000 PUPU_GNI
  235.881   48.198     8.34    6.80     0.63    0.78 -0.039 PYST_GPS
  235.440   47.935    15.39   10.84     0.41    0.43  0.015 QUIL_GPS
  239.056   39.975    -9.63    6.32     0.30    0.28  0.006 QUIN_GPS
  239.744   48.508    -0.38    3.77     0.50    0.53 -0.036 R378_GPS
  242.751   45.929     0.41    0.50     0.46    0.49 -0.043 R409_GPS
  242.543   44.578    -1.25    1.38     0.72    0.59 -0.005 R489_GPS
  234.159   49.084     9.31    7.38     0.60    0.65 -0.004 RADA_GPS
  244.335   38.280    -3.40   -0.19     0.39    0.38  0.005 RAIL_GPS
  248.191   40.781    -1.36   -0.11     0.33    0.32 -0.001 RBUT_GPS
  279.616   25.614     1.06    0.56     0.81    0.69 -0.023 RCM5_GPS
  279.616   25.614     1.06    0.56     0.81    0.69 -0.023 RCM6_GPS
  238.852   44.260    -0.22    2.77     0.86    0.86  0.000 REDM_GPS
  235.895   43.703     3.64   10.54     2.11    1.47 -0.106 REED_GPS
  243.446   36.715    -2.38   -1.59     4.43    4.43 -0.001 RELA_GLA
  235.600   48.556     3.85    6.27     4.28    1.87 -0.006 RENF_GPS
  243.532   36.840    -3.39   -5.44     3.20    3.21 -0.002 REPO_GLA
  236.539   45.797     4.62    7.43     0.48    0.48 -0.059 REST_GPS
  236.403   42.719    -1.22    8.90     0.34    0.34 -0.011 REUB_GPS
  237.434   45.547     2.34    5.97     0.34    0.36 -0.049 RKBU_GPS
  237.900   42.473    -3.29    6.30     0.70    0.81 -0.005 RKPT_GPS
  232.399   51.186    -1.83    2.70     0.86    0.89  0.021 ROBI_GPS
  235.572   42.430     4.20   13.17     0.97    0.90  0.005 ROG2_GPS
  242.915   36.218    -4.70    2.83     0.40    0.39  0.005 ROGE_1HT
  236.261   43.912    -3.74    3.52     2.39    2.25  0.124 ROM3_GPS
  236.645   43.246    -0.89    7.52     0.40    0.41 -0.018 ROSE_GPS
  240.263   48.394     0.23    1.54     0.87    0.84 -0.024 ROSW_GPS
  237.625   47.388     3.23    4.00     0.39    0.39 -0.001 RPT1_GPS
  244.877   40.617    -3.36   -0.30     0.31    0.30  0.010 RUBY_GPS
  237.652   42.619    -2.24    5.82     0.72    0.63 -0.166 RUST_GPS
  243.350   36.316    -3.74    0.91     0.39    0.38  0.003 RYAN_1HT
  242.950   46.426     2.01    0.13     0.72    0.66 -0.030 S262_GPS
  238.442   37.667   -12.05    8.71     0.42    0.42  0.003 S300_GPS
  236.080   44.646     5.54   10.15     2.16    2.00 -0.121 S334_GPS
  243.742   48.731     1.26   -0.13     0.58    0.65 -0.017 S381_GPS
  239.930   48.157     0.92    1.45     0.51    0.55 -0.025 S389_GPS
  244.162   42.880    -2.76   -0.41     0.81    0.84 -0.024 S418_GPS
  241.287   47.761     1.38    0.68     1.12    0.85 -0.008 S509_GPS
  238.051   44.434     1.03    4.22     0.50    0.54 -0.034 SANM_GPS
  238.553   36.765   -31.16   36.28     0.49    0.48 -0.001 SAOB_GPS
  237.686   43.963     1.77    4.59     0.65    0.67 -0.029 SARD_GPS
  239.523   46.602     0.97    1.82     0.57    0.61 -0.014 SARG_GPS
  240.662   47.185     0.58    0.95     0.45    0.48 -0.028 SAT3_GPS
  236.459   46.966     6.01    7.53     0.76    0.81  0.024 SATS_GPS
  236.829   48.774     4.22    4.19     1.33    1.05  0.206 SATU_GPS
  239.275   46.951     1.69    2.32     0.71    0.74  0.000 SC00_GNI
  236.992   48.546     3.42    3.68     0.88    0.91 -0.014 SC02_GNI
  236.296   48.923     5.59    4.94     0.81    0.73  0.024 SC04_GPS
  231.992   50.654     1.09    2.65     0.86    0.88  0.018 SCAR_GPS
  236.796   45.469     4.66    6.05     1.33    1.45 -0.116 SCAZ_GPS
  237.125   47.824     6.18    5.26     0.79    0.83 -0.054 SCHO_GPS
  236.935   43.372    -0.21    7.06     0.35    0.36 -0.019 SCOT_GPS
  236.897   44.780     3.78    8.15     0.83    0.86 -0.031 SDNY_GPS
  237.772   48.508     3.06    3.32     0.52    0.56 -0.027 SDRO_GPS
  237.691   47.654     3.96    3.58     0.58    0.57 -0.004 SEAT_GPS
  236.123   49.598     3.59    4.73     0.57    0.63  0.019 SECH_GPS
  237.776   48.522     3.06    3.31     0.52    0.56 -0.027 SEDR_GPS
  234.042   49.956     4.55    3.93     1.02    1.04 -0.003 SENT_GPS
  232.720   51.465    -0.27    3.43     0.88    0.92  0.021 SEYM_GPS
  235.813   49.535     4.23    4.74     0.53    0.56  0.012 SHEP_GPS
  236.079   48.377     6.90    4.51     1.52    1.23  0.074 SHER_GPS
  239.775   40.592    -6.94    4.00     0.31    0.30  0.002 SHIN_GPS
  240.984   41.868    -3.94    2.15     0.38    0.38  0.004 SHLD_GPS
  232.191   50.781    -0.67    3.38     1.07    1.09  0.009 SHUS_GPS
  238.939   43.125    -2.12    4.47     1.45    1.32  0.011 SILV_GPS
  236.303   45.483     5.95    8.57     0.48    0.45 -0.042 SISK_GPS
  238.444   44.306     0.26    3.70     0.38    0.41 -0.032 SIST_GPS
  237.447   47.571     1.78    4.02     1.59    1.87 -0.156 SITA_GPS
  238.103   42.318    -3.68    6.21     0.88    0.92 -0.010 SKIL_GPS
  243.789   36.730    -3.47   -0.20     0.38    0.37  0.004 SKUL_GLA
  238.872   44.634     0.05    1.95     0.66    0.83 -0.109 SKYO_GPS
  240.116   39.314   -11.97    4.09     0.81    0.82  0.004 SLID_GPS
  238.428   48.079     2.90    3.72     1.20    1.54 -0.097 SLVR_GPS
  247.155   39.426    -2.91   -0.60     0.32    0.32  0.011 SMEL_GPS
  243.824   47.546     0.71    0.09     0.58    0.64 -0.014 SMLT_GPS
  240.350   40.622    -6.40    3.77     1.37    0.83 -0.073 SMOK_GPS
  244.413   36.320    -3.52   -0.51     0.38    0.37  0.004 SMYC_GLA
  236.859   47.237     4.55    6.00     0.57    0.58  0.012 SNDR_GPS
  240.476   33.248   -31.27   33.28     0.35    0.33  0.005 SNI1_GPS
  236.450   44.038     2.73    7.71     0.52    0.56 -0.082 SOAM_GPS
  236.190   46.663     7.63    9.33     0.49    0.55  0.005 SOBE_GPS
  238.074   37.166   -22.06   25.52     0.35    0.34  0.002 SODB_GPS
  235.886   43.885     5.80   10.74     0.68    0.73  0.001 SOOS_GPS
  237.521   42.065    -3.72    6.34     0.38    0.38 -0.017 SOR4_GPS
  231.673   50.678    -0.38    4.82     0.87    0.90 -0.001 SPAT_GPS
  238.700   46.873     2.08    3.08     0.55    0.62 -0.002 SPIL_GPS
  242.576   47.518     0.29    0.34     0.47    0.47  0.000 SPN1_GPS
  237.836   47.401     4.04    4.83     0.81    0.83 -0.004 SPOO_GPS
  237.126   45.269     2.97    6.25     0.45    0.43  0.009 SPRO_GPS
  237.262   43.344    -1.26    6.35     0.35    0.38 -0.051 STEA_GPS
  238.117   45.692     2.06    4.34     0.61    0.67 -0.042 STEV_GPS
  307.322   47.595     0.59    0.25     0.84    0.84 -0.003 STJO_GPS
  240.215   41.583    -4.02    2.53     0.66    0.69  0.008 STNN_GPS
  238.330   45.304     1.86    4.95     0.50    0.59  0.008 STOL_GPS
  234.417   49.995     3.30    4.34     0.75    0.79 -0.010 STRA_GPS
  243.662   36.645    -3.23    0.15     0.38    0.37  0.004 STRI_GLA
  236.329   48.150     6.08    4.47     3.23    1.99  0.160 STRP_GNI
  237.827   37.427   -22.18   25.39     0.42    0.41  0.011 SUAA_GPS
  238.179   39.206   -11.07    6.80     0.33    0.32  0.002 SUTB_GPS
  236.330   48.150    21.64   19.76   190.15  190.15  0.000 T31N_GNI
  236.330   48.150    11.72    9.58    48.97   48.97  0.000 T31N_GPS
  236.681   43.465     0.84    7.75     1.02    0.87 -0.124 T739_GPS
  235.607   42.586    -1.06   12.19     0.98    0.90 -0.012 T758_GPS
  236.887   47.387     5.67    5.60     0.45    0.48 -0.024 TAHU_GPS
  243.426   36.932    -2.63   -1.24     4.35    4.35 -0.002 TATE_GLA
  244.897   42.087    -3.31    0.91     0.90    0.89  0.007 THR3_GPS
  237.710   47.103     3.94    4.80     0.56    0.58 -0.003 THUN_GPS
  237.552   37.891   -20.23   24.54     0.33    0.32  0.002 TIBB_GPS
  235.670   43.350     5.08   11.27     0.58    0.45 -0.064 TID3_GPS
  238.015   47.509     2.60    3.27     0.40    0.41  0.000 TIGR_GPS
  236.080   45.465    21.52   11.66     0.92    0.92  0.009 TILL_GPS
  238.288   45.334     2.10    3.51     0.63    0.77 -0.086 TIMB_GPS
  243.770   36.935    -2.73   -1.39     4.37    4.36  0.000 TIVA_GLA
  235.336   49.490     4.09    5.30     0.67    0.70  0.009 TOBY_GPS
  237.572   43.228    -0.99    4.88     0.66    0.71 -0.067 TOKE_GPS
  240.934   43.585    -1.87    1.12     0.72    0.76 -0.059 TOMB_GPS
  240.548   48.694     1.62    0.44     0.87    0.94  0.009 TONA_GPS
  242.816   38.097    -3.68    0.59     0.39    0.38  0.004 TONO_GPS
  236.433   44.185     3.00    9.08     0.56    0.61 -0.004 TRIA_GPS
  235.849   41.054     1.97   16.25     0.39    0.39 -0.001 TRND_GPS
  249.403   43.674    -0.47   -0.93     0.72    0.73  0.002 TSWY_GPS
  236.597   48.140     7.47    4.53     1.38    1.19  0.128 TUCK_GPS
  241.742   40.403    -5.32    1.53     0.31    0.31  0.006 TUNG_GPS
  241.993   42.923    -2.61    0.29     0.88    0.77 -0.028 TURN_GPS
  236.996   44.325     2.66    5.63     0.85    0.86 -0.014 TWIN_GPS
  242.417   44.259    -4.91    3.40     2.00    1.48  0.256 U701_GPS
  236.453   44.594     4.03    8.63     0.57    0.67 -0.010 U727_GPS
  239.782   44.631    -1.39    1.91     0.80    0.82  0.032 U73H_GPS
  244.269   43.131    -0.12   -0.96     0.97    0.90 -0.005 U76A_GPS
  238.249   38.536   -11.79    7.17     0.30    0.29  0.002 UCD1_GPS
  234.458   48.926     9.01    7.64     0.31    0.30 -0.001 UCLU_GPS
  235.439   47.937    15.40   10.85     0.41    0.43  0.015 UILA_GPS
  241.198   39.627    -6.63    3.03     0.35    0.34  0.002 UPSA_GPS
  244.442   43.490    -2.57    0.26     1.24    0.85 -0.018 V162_GPS
  238.973   42.393    -3.40    4.72     0.69    0.82 -0.053 V357_GPS
  238.122   42.574    -1.94    6.07     0.61    0.67 -0.028 V546_GPS
  241.385   42.450    -2.24    0.74     0.87    0.75 -0.061 V696_GPS
  237.256   45.672     5.85    4.90     1.03    1.12 -0.001 VANC_GPS
  237.429   44.146     1.02    5.78     0.51    0.49 -0.012 VIDA_GPS
  236.513   48.390     5.40    4.55     0.42    0.42  0.000 VLBI_GPS
  239.226   43.011    -2.98    4.06     0.58    0.64 -0.065 W072_GPS
  241.717   46.088    -0.10    0.31     0.50    0.52 -0.042 WALA_GPS
  234.703   49.752     3.35    4.96     1.75    1.66  0.013 WAS2_GPS
  236.417   43.644     0.68    8.88     1.54    1.85 -0.058 WELK_GPS
  288.507   42.613     0.20   -0.67     1.10    1.08  0.003 WES2_GPS
  237.304   48.313     5.30    4.39     0.84    0.90 -0.036 WHD1_GPS
  237.965   45.376     1.07    5.57     0.51    0.56 -0.014 WHEY_GPS
  224.778   60.751     1.15    3.64     0.45    0.44 -0.001 WHIT_GPS
  238.312   43.682    -1.35    4.74     0.37    0.40 -0.046 WICK_GPS
  241.629   40.015    -5.46    1.50     1.33    0.93 -0.065 WILD_GPS
  237.832   52.237    -0.36    0.40     0.80    0.80  0.000 WILL_GPS
  239.479   47.012     2.78    1.42     0.59    0.55 -0.041 WILS_GPS
  237.859   37.653   -19.98   21.88     0.29    0.27  0.003 WINT_GPS
  237.232   48.141    -0.06    1.96     2.66    3.02 -0.038 WORD_GNI
  237.232   48.141     4.82    3.69     0.64    0.62 -0.044 WORD_GPS
  237.079   50.127     2.04    2.46     0.38    0.39  0.002 WSLR_GPS
  235.943   46.516     8.81   11.06     0.56    0.62 -0.044 X537_GPS
  238.865   45.233     0.72    2.50     0.46    0.48 -0.044 Y109_GPS
  242.284   42.013    -3.89    1.49     1.05    1.07  0.012 Y129_GPS
  243.709   45.656     2.29    0.95     0.86    0.93 -0.031 Y405_GPS
  238.634   44.823     0.93    3.12     0.57    0.71  0.026 Y502_GPS
  236.781   44.689     3.61    7.36     1.54    0.82 -0.013 Y683_GPS
  237.682   46.026     2.13    4.71     0.38    0.40 -0.014 YALE_GPS
  236.861   45.070     3.15    6.65     0.53    0.56 -0.146 YAMB_GPS
  237.289   41.732    -3.67    6.61     0.32    0.31  0.000 YBHB_GPS
  245.519   62.481     0.02   -0.15     0.24    0.23  0.000 YELL_GPS
  236.596   43.547   -10.63    8.59     3.57    4.15 -0.013 YER4_GPS
  235.738   48.901     5.88    5.24     0.44    0.43  0.004 YOUB_GPS
  242.667   47.969     2.40   -0.05     1.13    1.38 -0.016 Z231_GPS
  242.112   48.541     0.84    0.72     0.44    0.46 -0.020 Z264_GPS
  236.888   47.033     5.55    6.67     0.47    0.51 -0.059 Z478_GPS
