COORDINATES OF FAULTS AND BLOCK BOUNDARIES

** Fault node coordinates 
Format
Fault name
 depth (km)
  longitude latitude (degrees)
   
S_SAF_Imp    
   0.001
 245.8900  31.3500
 245.3400  31.9200
 244.8300  32.2500
 244.5500  32.3100
 243.9000  32.8500
   1.000
 245.8907  31.3505
 245.3407  31.9206
 244.8305  32.2507
 244.5506  32.3106
 243.9007  32.8505
  20.000
 245.9042  31.3600
 245.3531  31.9311
 244.8394  32.2636
 244.5613  32.3225
 243.9148  32.8596
   
FL_FC_DV     
   0.001
 242.7000  41.0000
 241.9000  39.7500
 241.6800  37.9800
 242.1000  37.4400
 242.6000  37.0000
 243.1000  36.6000
 243.3200  35.9100
 243.5700  35.6100
   1.000
 242.6961  41.0015
 241.8959  39.7508
 241.6759  37.9798
 242.0967  37.4380
 242.5971  36.9977
 243.0964  36.5984
 243.3162  35.9088
 243.5667  35.6082
  20.000
 242.6223  41.0290
 241.8177  39.7669
 241.5971  37.9755
 242.0342  37.4005
 242.5410  36.9545
 243.0282  36.5690
 243.2446  35.8863
 243.5034  35.5732
   
S_GV_thr     
   0.001
 237.8500  38.1500
 238.3000  37.7000
 238.4800  37.5000
 238.9000  37.0700
 240.0000  36.0000
 240.6200  34.9000
   1.000
 237.8656  38.1260
 238.2948  37.6968
 238.4748  37.4968
 238.8950  37.0667
 239.9946  35.9972
 240.6046  34.9149
  20.000
 238.1618  37.6702
 238.1962  37.6364
 238.3760  37.4369
 238.7998  37.0037
 239.8927  35.9430
 240.3124  35.1984
   
Sierra_AL    
   0.001
 241.9500  35.2500
 241.9500  35.5000
 242.2000  35.7000
 242.1900  36.0000
 242.0000  36.2500
 241.5500  37.2000
 241.2500  37.5000
 241.1200  37.6200
 240.9200  37.6500
 240.7600  38.0000
 239.9200  38.9000
 239.6000  39.5000
 238.3000  41.0000
   1.000
 241.9564  35.2609
 241.9558  35.4979
 242.2060  35.6981
 242.1962  36.0015
 242.0059  36.2520
 241.5559  37.2022
 241.2551  37.5033
 241.1233  37.6245
 240.9252  37.6531
 240.7656  38.0027
 239.9257  38.9027
 239.6058  39.5026
 238.3058  41.0028
  20.000
 242.0767  35.4673
 242.0662  35.4571
 242.3192  35.6625
 242.3132  36.0292
 242.1185  36.2907
 241.6677  37.2447
 241.3516  37.5655
 241.1852  37.7101
 241.0251  37.7122
 240.8719  38.0549
 240.0346  38.9532
 239.7164  39.5522
 238.4152  41.0568
   
Palos_Verd   
   0.001
 243.0000  32.3300
 242.7300  32.8800
 242.5000  33.2000
 242.2000  33.5000
 241.8800  33.7700
 241.6000  34.0500
   1.000
 243.0008  32.3303
 242.7308  32.8803
 242.5008  33.2005
 242.2007  33.5005
 241.8807  33.7705
 241.6016  34.0496
  20.000
 243.0169  32.3367
 242.7469  32.8868
 242.5153  33.2092
 242.2140  33.5106
 241.8940  33.7806
 241.6320  34.0426
   
SanJacinto   
   0.001
 244.7200  32.6200
 244.5200  32.7300
 244.3500  32.8300
 244.3300  32.9000
 244.0800  33.0600
 243.9000  33.1500
 243.0000  33.8200
 242.6100  34.1900
   1.000
 244.7157  32.6233
 244.5205  32.7307
 244.3507  32.8305
 244.3307  32.9006
 244.0805  33.0606
 243.9006  33.1506
 243.0007  33.8206
 242.6088  34.1924
  20.000
 244.7302  32.6332
 244.5305  32.7431
 244.3636  32.8408
 244.3433  32.9111
 244.0907  33.0729
 243.9122  33.1620
 243.0132  33.8313
 242.6243  34.2004
   
WGarlock     
   0.001
 242.5500  35.5050
 242.2500  35.4100
 241.9500  35.2500
 241.5300  35.0000
 241.0300  34.8400
   1.000
 242.5478  35.5110
 242.2465  35.4156
 241.9456  35.2552
 241.5264  35.0055
 241.0210  34.8440
  20.000
 242.5064  35.6254
 242.1792  35.5220
 241.8625  35.3537
 241.4574  35.1110
 240.7430  34.8850
   
EGarlock     
   0.001
 243.5700  35.6100
 243.1000  35.6000
 242.5500  35.5050
   1.000
 243.5602  35.6161
 243.0991  35.6062
 242.5478  35.5110
  20.000
 243.3733  35.7318
 243.0814  35.7250
 242.5064  35.6254
   
SA_south  
   0.001
 244.4000  33.2400
 244.2800  33.1300
 244.4900  32.9800
 244.4600  32.9200
 244.5500  32.8000
 244.7200  32.6200
 244.8200  32.4800
 244.6800  32.3700
 244.8300  32.2500
   1.000
 244.3993  33.2405
 244.2791  33.1298
 244.4892  32.9795
 244.4591  32.9198
 244.5492  32.7995
 244.7192  32.6195
 244.8191  32.4801
 244.6791  32.3700
 244.8274  32.2513
  20.000
 244.3861  33.2506
 244.2620  33.1256
 244.4748  32.9708
 244.4420  32.9157
 244.5349  32.7907
 244.7048  32.6108
 244.8015  32.4821
 244.6614  32.3694
 244.7700  32.2800
   
SA_Indio    
   0.001
 244.4000  33.2400
 244.0200  33.5700
 243.6800  33.8400
 243.3800  34.0350
 243.1500  34.0700
 242.6500  34.2200
 242.4000  34.3500
   1.000
 244.4007  33.2405
 244.0207  33.5706
 243.6806  33.8406
 243.3804  34.0357
 243.1503  34.0708
 242.6504  34.2207
 242.4005  34.3507
  20.000
 244.4136  33.2509
 244.0334  33.5811
 243.6925  33.8518
 243.3888  34.0489
 243.1556  34.0850
 242.6579  34.2343
 242.4101  34.3633
   
Wasatch     
   0.001
 248.5000  41.5000
 248.7000  40.0000
 248.4000  38.0000
 246.5000  35.7000
 245.4000  35.0000
 244.0500  34.2500
   1.000
 248.4881  41.4991
 248.6883  40.0002
 248.3895  38.0035
 246.4915  35.7058
 245.3937  35.0074
 244.0480  34.2597
  20.000
 248.2611  41.4816
 248.4652  40.0040
 248.1895  38.0696
 246.3298  35.8152
 245.2740  35.1473
 244.0096  34.4449
   
SA_Parkfld  
   0.001
 241.0500  34.8300
 241.0300  34.8400
 240.6200  34.9000
 239.9500  35.5000
 239.5837  35.8784
 239.5000  35.9548
 239.4245  36.0171
 239.2670  36.1610
 238.7570  36.6400
 238.2600  37.0100
 237.7500  37.4000
 237.3000  37.9000
   1.000
 241.0505  34.8307
 241.0302  34.8408
 240.6206  34.9006
 239.9507  35.5005
 239.5845  35.8789
 239.5007  35.9553
 239.4252  36.0176
 239.2677  36.1615
 238.7577  36.6405
 238.2607  37.0106
 237.7508  37.4005
 237.3008  37.9005
  20.000
 241.0599  34.8435
 241.0338  34.8554
 240.6315  34.9126
 239.9647  35.5102
 239.5988  35.8883
 239.5142  35.9655
 239.4389  36.0277
 239.2818  36.1713
 238.7712  36.6508
 238.2736  37.0214
 237.7651  37.4102
 237.3162  37.9091
   
NCalv_BSPR
   0.001
 238.2000  37.4000
 237.8500  38.1500
 237.5000  38.9000
 236.5000  40.0000
 235.9500  40.6500
   1.000
 238.2038  37.4013
 237.8539  38.1511
 237.5037  38.9016
 236.5035  40.0018
 235.9536  40.6518
  20.000
 238.2760  37.4255
 237.9282  38.1724
 237.5734  38.9319
 236.5710  40.0365
 236.0226  40.6854
   
Hos_SG_SA   
   0.001
 239.9000  34.0000
 239.2500  34.9000
 239.0000  35.3000
 237.9000  36.7000
 237.3000  37.9000
 236.7400  38.5000
 236.3000  39.0000
 236.0000  39.5000
 235.8000  40.0000
 235.2500  40.4500
   1.000
 239.9008  34.0004
 239.2508  34.9004
 239.0008  35.3004
 237.9009  36.7004
 237.3009  37.9004
 236.7408  38.5005
 236.3009  39.0004
 236.0010  39.5003
 235.8009  40.0004
 235.2508  40.4505
  20.000
 239.9163  34.0080
 239.2667  34.9078
 239.0165  35.3081
 237.9174  36.7072
 237.3178  37.9071
 236.7564  38.5091
 236.3176  39.0078
 236.0190  39.5056
 235.8176  40.0081
 235.2651  40.4607
   
SnClemente  
   0.001
 244.0000  30.0000
 243.4000  31.0000
 242.5000  32.1000
 241.6000  33.0000
 241.4000  33.3000
 240.6000  33.9500
   1.000
 244.0008  30.0004
 243.4008  31.0004
 242.5007  32.1005
 241.6007  33.0005
 241.4007  33.3005
 240.6022  33.9493
  20.000
 244.0161  30.0072
 243.4157  31.0082
 242.5148  32.1095
 241.6149  33.0096
 241.4142  33.3104
 240.6133  33.9612
   
DS_SV_HM_PV
   0.001
 242.1000  37.4400
 241.9500  37.2000
 242.1600  36.6600
 242.6000  36.4400
 242.7800  36.2800
 242.7700  36.0000
 242.9000  35.7000
 243.1000  35.6000
   1.000
 242.0968  37.4385
 241.9480  37.1999
 242.1584  36.6591
 242.5988  36.4387
 242.7781  36.2795
 242.7681  35.9997
 242.8984  35.6991
 243.0880  35.6043
  20.000
 242.0366  37.4098
 241.9103  37.1980
 242.1275  36.6419
 242.5763  36.4147
 242.7425  36.2705
 242.7313  35.9947
 242.8676  35.6823
 243.0796  35.5729
   
SYnez     
   0.001
 239.2500  34.9000
 239.5700  34.7000
 240.0000  34.6000
 240.6500  34.6700
 241.0000  34.8100
 241.0700  34.8200
   1.000
 239.2560  34.8932
 239.5687  34.6978
 239.9999  34.5976
 240.6507  34.6677
 241.0012  34.8078
 241.0705  34.8176
  20.000
 239.3701  34.7644
 239.5446  34.6565
 239.9983  34.5518
 240.6647  34.6233
 241.0234  34.7658
 241.0800  34.7725
   
Clco-Bwatr  
   0.001
 243.6000  34.1500
 243.5000  34.5000
 243.0000  35.0300
 242.5500  35.5050
   1.000
 243.6003  34.1523
 243.5008  34.5004
 243.0008  35.0305
 242.5460  35.5105
  20.000
 243.6062  34.1967
 243.5167  34.5077
 243.0152  35.0396
 242.4709  35.6142
   
Elsinore    
   0.001
 244.6000  31.3000
 244.3000  32.0000
 243.9000  32.8500
 243.0000  33.4000
 241.9100  34.1400
   1.000
 244.6009  31.3003
 244.3009  32.0003
 243.9007  32.8505
 243.0006  33.4006
 241.9118  34.1413
  20.000
 244.6173  31.3054
 244.3173  32.0056
 243.9148  32.8596
 243.0117  33.4124
 241.9465  34.1670
   
LudloPgsah  
   0.001
 244.0400  34.1100
 244.0500  34.2500
 243.8500  34.9000
 243.5700  35.6100
   1.000
 244.0409  34.1100
 244.0509  34.2502
 243.8509  34.9002
 243.5709  35.6102
  20.000
 244.0590  34.1091
 244.0687  34.2531
 243.8684  34.9044
 243.5884  35.6148
   
HwrdMacama  
   0.001
 238.7570  36.6400
 238.2000  37.4000
 237.9000  37.6800
 237.5700  38.1000
 236.9500  39.0000
 236.2500  40.0000
 235.7000  40.6000
   1.000
 238.7693  36.6296
 238.2034  37.4018
 237.9034  37.6819
 237.5736  38.1016
 236.9537  39.0015
 236.2537  40.0017
 235.7035  40.6019
  20.000
 239.0039  36.4322
 238.2690  37.4358
 237.9675  37.7179
 237.6426  38.1320
 237.0244  39.0308
 236.3235  40.0334
 235.7707  40.6374
   
SA_SGAB     
   0.001
 242.6100  34.1900
 242.4000  34.3500
 242.0000  34.5000
 241.5000  34.7000
 241.0700  34.8200
 241.0500  34.8300
   1.000
 242.6106  34.1906
 242.4005  34.3507
 242.0004  34.5007
 241.5004  34.7007
 241.0703  34.8207
 241.0505  34.8307
  20.000
 242.6229  34.2016
 242.4100  34.3634
 242.0082  34.5142
 241.5074  34.7145
 241.0764  34.8348
 241.0600  34.8434
   
Newp_Ing_RC   
   0.001
 245.0000  30.0000
 244.6000  31.3000
 243.6500  31.5500
 243.3500  31.8500
 243.0000  32.3300
 242.5000  32.8600
 242.0700  33.2700
 241.7200  33.7500
 241.3100  33.9800
   1.000
 245.0009  30.0002
 244.6007  31.3005
 243.6504  31.5507
 243.3508  31.8505
 243.0008  32.3305
 242.5007  32.8605
 242.0708  33.2705
 241.7207  33.7505
 241.3122  33.9797
  20.000
 245.0176  30.0040
 244.6148  31.3094
 243.6585  31.5640
 243.3651  31.8591
 243.0152  32.3391
 242.5144  32.8700
 242.0852  33.2793
 241.7341  33.7605
 241.3531  33.9742
   
EurekaPk    
   0.001
 243.6800  33.8400
 243.6400  34.0000
 243.6000  34.1500
   1.000
 243.6809  33.8402
 243.6409  34.0002
 243.6009  34.1502
  20.000
 243.6985  33.8432
 243.6586  34.0033
 243.6185  34.1535
   
San_Gabriel        
   0.001
 241.9100  34.1400
 241.8800  34.1700
 241.8500  34.2000
 241.5000  34.4000
 241.0000  34.8100
   1.000
 241.9118  34.1413
 241.8830  34.1721
 241.8523  34.2026
 241.5026  34.4025
 241.0028  34.8123
  20.000
 241.9465  34.1670
 241.9408  34.2119
 241.8968  34.2528
 241.5522  34.4493
 241.0563  34.8564
   
Cucamonga   
   0.001
 242.6100  34.1900
 242.2000  34.1200
 241.8500  34.2000
   1.000
 242.6076  34.1929
 242.2001  34.1233
 241.8520  34.2028
  20.000
 242.5612  34.2485
 242.2015  34.1855
 241.8900  34.2567
   
SMonica     
   0.001
 239.9000  34.0000
 240.6000  33.9500
 241.3100  33.9800
 241.6000  34.0500
 241.9100  34.1400
   1.000
 239.8999  33.9992
 240.6000  33.9492
 241.3101  33.9792
 241.6003  34.0493
 241.9119  34.1397
  20.000
 239.8984  33.9843
 240.5998  33.9343
 241.3124  33.9644
 241.6058  34.0350
 241.9497  34.1349
   
WM_IM      
   0.001
 242.0000  36.2500
 241.9000  36.7000
 241.7300  37.3000
 241.5500  37.8500
 241.6800  37.9800
   1.000
 242.0019  36.2503
 241.9019  36.7003
 241.7319  37.3004
 241.5520  37.8501
 241.6784  37.9765
  20.000
 242.0387  36.2556
 241.9388  36.7064
 241.7688  37.3074
 241.5901  37.8519
 241.6481  37.9099
   
EPintoMtn   
   0.001
 244.0400  34.1100
 243.8300  34.1400
 243.6000  34.1500
   1.000
 244.0416  34.1122
 243.8303  34.1424
 243.5997  34.1524
  20.000
 244.0500  34.1600
 243.8365  34.1879
 243.5932  34.1972
   
WPintoMtn   
   0.001
 243.6000  34.1500
 243.4000  34.1000
 243.1500  34.0700
   1.000
 243.5997  34.1524
 243.3994  34.1024
 243.1462  34.0720
  20.000
 243.5932  34.1972
 243.3880  34.1472
 243.0700  34.1100
   
*** Blocks 
Format:
Block name
 longitude latitude (degrees)
   
EBNR
  244.0500   34.2500
  243.8500   34.9000
  243.5700   35.6100
  243.3200   35.9100
  243.1000   36.6000
  242.6000   37.0000
  242.1000   37.4400
  241.6800   37.9800
  241.9000   39.7500
  242.7000   41.0000
  243.0000   41.5000
  248.5000   41.5000
  248.7000   40.0000
  248.4000   38.0000
  246.5000   35.7000
  245.4000   35.0000
   
SNEV
  236.8000   41.0000
  238.6000   41.0000
  238.3000   41.0000
  239.6000   39.5000
  239.9200   38.9000
  240.7600   38.0000
  240.9200   37.6500
  241.1200   37.6200
  241.2500   37.5000
  241.5500   37.2000
  242.0000   36.2500
  242.1900   36.0000
  242.2000   35.7000
  241.9500   35.5000
  241.9500   35.2500
  241.5300   35.0000
  241.0300   34.8400
  240.6200   34.9000
  240.0000   36.0000
  238.9000   37.0700
  238.4800   37.5000
  238.3000   37.7000
  237.8500   38.1500
  237.5000   38.9000
  236.5000   40.0000
  235.9500   40.6500
   
NOAM
  252.0000   23.0000
  248.1000   27.8300
  246.0000   30.0000
  245.8900   31.3500
  245.3400   31.9200
  244.8300   32.2500
  244.6800   32.3700
  244.8200   32.4800
  244.7200   32.6200
  244.5500   32.8000
  244.4600   32.9200
  244.4900   32.9800
  244.2800   33.1300
  244.4000   33.2400
  244.2100   33.7700
  244.0400   34.1100
  244.0500   34.2500
  245.4000   35.0000
  246.5000   35.7000
  248.4000   38.0000
  248.7000   40.0000
  248.5000   41.5000
  243.0000   41.5000
  243.5000   45.0000
  244.0000   49.0000
  236.8000   49.0000
  234.5000   50.2000
  231.9000   49.8000
  225.5000   55.0000
  222.0000   59.0000
  219.0000   60.1000
  215.0000   59.2000
  212.0000   57.8000
  206.0000   55.2000
  200.0000   53.7000
  194.0000   52.2000
  188.0000   51.0000
  182.0000   50.4000
  176.0000   50.8000
  170.0000   52.6000
  164.0000   55.5000
  161.0000   52.0000
  157.8000   49.0000
  153.8000   46.0000
  148.5000   43.0000
  144.8000   41.0000
  143.0000   42.0000
  142.0000   46.0000
  142.5000   52.5000
  146.2000   63.3000
  140.0000   67.7000
  126.2000   70.2000
  122.8000   75.5000
  126.7000   78.2000
  122.0000   80.7000
   98.5000   85.0000
   48.0000   86.8000
  358.0000   83.8000
  359.9000   80.0000
  359.9000   72.0000
  350.0000   71.5000
  331.0000   60.0000
  326.0000   57.0000
  325.0000   53.8000
  330.0000   52.0000
  332.5000   48.0000
  330.2000   39.5000
  318.0000   30.0000
  314.0000   19.0000
  297.0000   19.0000
  277.0000   18.0000
  267.0000   14.0000
  254.0000   19.0000
   
PACI
  252.0000   23.0000
  248.0000   22.0000
  244.0000   30.0000
  243.4000   31.0000
  242.5000   32.1000
  241.6000   33.0000
  241.4000   33.3000
  240.6000   33.9500
  239.9000   34.0000
  239.2500   34.9000
  239.0000   35.3000
  237.9000   36.7000
  237.3000   37.9000
  236.7400   38.5000
  236.3000   39.0000
  236.0000   39.5000
  235.8000   40.0000
  235.2500   40.4500
  232.5000   40.4000
  232.6000   41.5000
  233.5000   43.0000
  229.4000   44.4000
  231.4000   48.5500
  229.5500   49.3500
  231.9000   49.8000
  225.5000   55.0000
  222.0000   59.0000
  219.0000   60.1000
  215.0000   59.2000
  212.0000   57.8000
  206.0000   55.2000
  200.0000   53.7000
  194.0000   52.2000
  188.0000   51.0000
  182.0000   50.4000
  176.0000   50.8000
  170.0000   52.6000
  164.0000   55.5000
  161.0000   52.0000
  157.8000   49.0000
  153.8000   46.0000
  148.5000   43.0000
  144.8000   41.0000
  144.5000   40.0000
  144.2000   39.0000
  144.0000   38.0000
  143.5000   37.0000
  142.8000   36.0000
  142.0000   34.1000
  142.0000   33.0000
  142.2000   31.0000
  142.5000   30.0000
  142.8000   29.0000
  143.2000   28.0000
  143.2000   27.0000
  143.0000   25.0000
  144.0000   24.0000
  145.0000   23.0000
  146.2000   22.0000
  147.0000   21.0000
  147.3000   20.0000
  147.3000   18.8000
  147.3000   17.5000
  147.3000   15.6000
  146.6000   13.9000
  144.8000   12.3000
  142.3000   11.2000
  140.6000   10.7000
  138.6000   10.1000
  137.8000    8.8000
  136.7000    8.1000
  135.4000    7.8000
  134.3000    5.9000
  133.4000    4.5000
  132.1000    3.1000
  131.0000    1.2000
  130.9000    1.1000
  131.8000    1.0000
  132.6000    0.7000
  133.4000    0.5000
  134.3000    0.2000
  135.1000    0.0000
  135.4000   -0.2000
  135.7000   -0.5000
  135.9000   -0.7000
  136.2000   -1.0000
  136.5000   -1.2000
  136.8000   -1.4000
  137.8000   -1.4000
  139.1000   -1.6000
  140.1000   -1.7000
  141.4000   -1.9000
  142.7000   -2.3000
  143.8000   -3.0000
  144.6000   -3.6000
  145.5000   -4.4000
  146.1000   -5.2000
  146.6000   -5.9000
  147.0000   -6.7000
  147.5000   -7.3000
  148.6000   -7.5000
  149.7000   -7.3000
  150.5000   -7.1000
  151.3000   -6.9000
  152.4000   -6.7000
  153.2000   -6.7000
  154.2000   -7.2000
  155.3000   -8.0000
  156.6000   -8.9000
  157.7000   -9.6000
  158.5000  -10.0000
  159.5000  -10.4000
  160.5000  -11.0000
  161.7000  -11.6000
  162.9000  -11.7000
  163.8000  -11.8000
  164.8000  -12.2000
  165.4000  -13.6000
  165.8000  -15.0000
  166.4000  -16.8000
  166.9000  -17.8000
  167.4000  -19.0000
  168.0000  -20.0000
  168.4000  -21.0000
  169.1000  -22.1000
  169.9000  -23.1000
  170.6000  -23.7000
  171.5000  -23.7000
  172.5000  -22.9000
  173.5000  -22.0000
  174.3000  -21.1000
  175.6000  -19.3000
  176.2000  -18.3000
  177.2000  -17.2000
  178.3000  -16.1000
  179.7000  -15.5000
  180.7000  -15.2000
  181.1000  -15.1000
  182.3000  -14.7000
  183.8000  -14.6000
  185.1000  -14.5000
  186.1000  -14.5000
  187.2000  -14.5000
  188.4000  -14.5000
  188.4000  -14.5000
  188.9000  -15.4000
  188.9000  -16.8000
  188.6000  -18.1000
  187.9000  -19.7000
  187.1000  -21.4000
  186.5000  -22.6000
  186.2000  -23.6000
  185.5000  -25.4000
  184.9000  -27.2000
  184.3000  -28.6000
  183.8000  -29.8000
  183.1000  -31.1000
  182.9000  -31.7000
  182.0000  -33.3000
  181.5000  -34.4000
  180.8000  -35.8000
  179.6000  -37.4000
  178.8000  -38.7000
  178.2000  -39.4000
  176.9000  -40.7000
  176.4000  -41.1000
  175.3000  -41.6000
  174.4000  -41.7000
  173.3000  -42.0000
  172.2000  -42.6000
  171.0000  -43.2000
  169.9000  -43.7000
  169.0000  -44.1000
  167.8000  -44.7000
  167.3000  -45.2000
  166.5000  -46.0000
  165.9000  -47.0000
  165.3000  -47.9000
  164.7000  -48.6000
  164.3000  -49.1000
  164.1000  -49.7000
  163.3000  -50.3000
  161.1000  -52.1000
  160.6000  -52.7000
  159.7000  -53.7000
  159.5000  -53.9000
  159.3000  -54.2000
  159.1000  -54.7000
  158.8000  -55.1000
  158.7000  -55.4000
  158.5000  -55.8000
  157.3000  -57.9000
  158.1000  -58.9000
  158.3000  -59.1000
  158.4000  -59.2000
  158.5000  -59.4000
  158.8000  -59.7000
  160.9000  -61.6000
  161.7800  -62.0500
  185.0000  -66.0000
  215.0000  -56.0000
  245.0000  -50.0000
  249.0000  -35.0000
  248.0000  -30.0000
  244.0000  -25.0000
  257.0000    0.0000
  258.0000    2.5000
  254.0000   19.0000
   
SMOJ
  244.0400   34.1100
  244.2100   33.7700
  244.4000   33.2400
  244.0200   33.5700
  243.6800   33.8400
  243.6400   34.0000
  243.6000   34.1500
  243.8300   34.1400
   
SWMO
  243.6800   33.8400
  243.3800   34.0350
  243.1500   34.0700
  243.4000   34.1000
  243.6000   34.1500
  243.6400   34.0000
   
SGAB
  242.2000   34.1200
  241.8500   34.2000
  241.5000   34.4000
  241.0000   34.8100
  241.0700   34.8200
  241.5000   34.7000
  242.0000   34.5000
  242.4000   34.3500
  242.6100   34.1900
   
PANA
  242.1000   37.4400
  241.9500   37.2000
  242.1600   36.6600
  242.6000   36.4400
  242.7800   36.2800
  242.7700   36.0000
  242.9000   35.7000
  243.1000   35.6000
  243.5700   35.6100
  243.3200   35.9100
  243.1000   36.6000
  242.6000   37.0000
   
ANZA
  244.8200   32.4800
  244.6800   32.3700
  244.8300   32.2500
  244.5500   32.3100
  243.9000   32.8500
  243.0000   33.4000
  241.9100   34.1400
  241.8800   34.1700
  241.8500   34.2000
  242.2000   34.1200
  242.6100   34.1900
  243.0000   33.8200
  243.9000   33.1500
  244.0800   33.0600
  244.3300   32.9000
  244.3500   32.8300
  244.5200   32.7300
  244.7200   32.6200
   
VENT
  241.6000   34.0500
  241.3100   33.9800
  240.6000   33.9500
  239.9000   34.0000
  239.2500   34.9000
  239.5700   34.7000
  240.0000   34.6000
  240.6500   34.6700
  241.0000   34.8100
  241.5000   34.4000
  241.8500   34.2000
  241.8800   34.1700
  241.9100   34.1400
   
GVTB
  237.8500   38.1500
  238.3000   37.7000
  238.4800   37.5000
  238.9000   37.0700
  240.0000   36.0000
  240.6200   34.9000
  239.9500   35.5000
  239.5837   35.8784
  239.5000   35.9548
  239.4245   36.0171
  239.2670   36.1610
  238.7570   36.6400
  238.2000   37.4000
   
ECCR
  235.9500   40.6500
  236.5000   40.0000
  237.5000   38.9000
  237.8500   38.1500
  238.2000   37.4000
  237.9000   37.6800
  237.5700   38.1000
  236.9500   39.0000
  236.2500   40.0000
  235.7000   40.6000
   
CATA
  243.3500   31.8500
  243.6500   31.5500
  244.6000   31.3000
  245.0000   30.0000
  244.0000   30.0000
  243.4000   31.0000
  242.5000   32.1000
  241.6000   33.0000
  241.4000   33.3000
  240.6000   33.9500
  241.3100   33.9800
  241.7200   33.7500
  242.0700   33.2700
  242.5000   32.8600
  243.0000   32.3300
   
SANA
  243.0000   32.3300
  242.7300   32.8800
  242.5000   33.2000
  242.2000   33.5000
  241.8800   33.7700
  241.6000   34.0500
  241.3100   33.9800
  241.7200   33.7500
  242.0700   33.2700
  242.5000   32.8600
   
EBAJ
  246.0000   30.0000
  245.0000   30.0000
  244.6000   31.3000
  244.3000   32.0000
  243.9000   32.8500
  244.5500   32.3100
  244.8300   32.2500
  245.3400   31.9200
  245.8900   31.3500
   
WEBR
  239.6000   39.5000
  238.3000   41.0000
  242.7000   41.0000
  241.9000   39.7500
  241.6800   37.9800
  241.5500   37.8500
  241.7300   37.3000
  241.9000   36.7000
  242.0000   36.2500
  241.5500   37.2000
  241.2500   37.5000
  241.1200   37.6200
  240.9200   37.6500
  240.7600   38.0000
  239.9200   38.9000
   
WBAJ
  244.6000   31.3000
  243.6500   31.5500
  243.3500   31.8500
  243.0000   32.3300
  242.7300   32.8800
  242.5000   33.2000
  242.2000   33.5000
  241.8800   33.7700
  241.6000   34.0500
  241.9100   34.1400
  243.0000   33.4000
  243.9000   32.8500
  244.3000   32.0000
   
WCCR
  238.7570   36.6400
  238.2600   37.0100
  237.7500   37.4000
  237.3000   37.9000
  236.7400   38.5000
  236.3000   39.0000
  236.0000   39.5000
  235.8000   40.0000
  235.2500   40.4500
  235.4500   40.6000
  235.7000   40.6000
  236.2500   40.0000
  236.9500   39.0000
  237.5700   38.1000
  237.9000   37.6800
  238.2000   37.4000
   
MOJA
  242.6500   34.2200
  242.4000   34.3500
  242.0000   34.5000
  241.5000   34.7000
  241.0700   34.8200
  241.0500   34.8300
  241.0300   34.8400
  241.5300   35.0000
  241.9500   35.2500
  242.2500   35.4100
  242.5500   35.5050
  243.0000   35.0300
  243.5000   34.5000
  243.6000   34.1500
  243.4000   34.1000
  243.1500   34.0700
   
SALT
  242.6500   34.2200
  242.4000   34.3500
  242.6100   34.1900
  243.0000   33.8200
  243.9000   33.1500
  244.0800   33.0600
  244.3300   32.9000
  244.3500   32.8300
  244.5200   32.7300
  244.7200   32.6200
  244.5500   32.8000
  244.4600   32.9200
  244.4900   32.9800
  244.2800   33.1300
  244.4000   33.2400
  244.0200   33.5700
  243.6800   33.8400
  243.3800   34.0350
  243.1500   34.0700
   
SALI
  237.3000   37.9000
  237.9000   36.7000
  239.0000   35.3000
  239.2500   34.9000
  239.5700   34.7000
  240.0000   34.6000
  240.6500   34.6700
  241.0000   34.8100
  241.0700   34.8200
  241.0500   34.8300
  241.0300   34.8400
  240.6200   34.9000
  239.9500   35.5000
  239.5837   35.8784
  239.5000   35.9548
  239.4245   36.0171
  239.2670   36.1610
  238.7570   36.6400
  238.2600   37.0100
  237.7500   37.4000
   
EMOJ
  243.1000   35.6000
  243.5700   35.6100
  243.8500   34.9000
  244.0500   34.2500
  244.0400   34.1100
  243.8300   34.1400
  243.6000   34.1500
  243.5000   34.5000
  243.0000   35.0300
  242.5500   35.5050
   
INYO
  242.1000   37.4400
  241.9500   37.2000
  242.1600   36.6600
  242.6000   36.4400
  242.7800   36.2800
  242.7700   36.0000
  242.9000   35.7000
  243.1000   35.6000
  242.5500   35.5050
  242.2500   35.4100
  241.9500   35.2500
  241.9500   35.5000
  242.2000   35.7000
  242.1900   36.0000
  242.0000   36.2500
  241.9000   36.7000
  241.7300   37.3000
  241.5500   37.8500
  241.6800   37.9800
