Oregon GPS velocities used in McCaffrey (2002)

 Long. E  Lat. N     Ve      Vn      Se      Sn   NEcorr Site

 235.435  42.837    4.59   14.35    1.10    1.00 -0.0432 CAPE
 235.437  42.836    5.19   14.25    0.70    0.70  0.0061 CABL
 235.514  42.801    5.80   13.83    1.10    1.00 -0.0848 BLCO
 235.572  42.421   -1.76   16.31    3.30    3.10 -0.0125 GO89
 235.732  42.046   -2.00   13.97    3.00    1.30 -0.3051 FISH
 235.745  41.783    1.65    8.47    2.20    1.80  0.0017 PTSG
 235.825  43.124   -1.18   11.25    1.00    0.90 -0.0515 P75Z
 235.883  44.170    5.22    9.43    0.90    0.70  0.0357 PONS
 235.900  46.903    9.31   10.92    0.70    0.80 -0.0389 GRAY
 235.906  42.815    0.38   10.32    0.90    0.80 -0.0431 JOHN
 235.924  46.300   10.51   10.62    0.80    0.70  0.0259 HEAD
 235.934  44.830    7.15   10.32    0.80    0.70  0.0061 BAL2
 235.935  44.602    6.51    8.92    0.80    0.80  0.0007 HAMI
 235.938  44.585    8.41   10.41    0.50    0.50  0.0107 NEWP
 235.940  44.587    4.81   11.01    3.20    3.00 -0.0234 A16N
 235.942  44.580    5.31    8.61    3.20    3.00 -0.0028 NPT0
 235.943  46.516    8.95   11.21    0.90    0.90 -0.0320 X537
 236.034  45.134    6.83    9.49    0.90    0.70  0.0149 NESK
 236.040  45.862    7.76    8.99    0.70    0.60 -0.0031 CANN
 236.044  46.205    9.12    9.39    0.50    0.50  0.0105 FTS1
 236.076  46.972   10.76    8.58    0.90    0.90 -0.0734 OP25
 236.080  44.646    5.65   10.28    2.00    2.10 -0.1135 S334
 236.164  42.792    1.02   10.55    1.20    1.10 -0.1072 BOLI
 236.165  44.777    5.09    8.45    1.40    1.30  0.0132 MOON
 236.168  46.173    7.14   10.25    0.70    0.70 -0.0409 ASTO
 236.190  46.663    8.53    9.75    1.10    1.00  0.0284 SOBE
 236.212  45.907    5.40    8.44    1.60    1.30  0.0310 N274
 236.222  43.002   -0.83    9.94    0.70    0.60 -0.0011 CAM4
 236.297  46.973    8.60    7.32    0.80    0.80 -0.0638 CNTR
 236.303  45.483    5.94    9.11    0.90    0.80 -0.0132 SISK
 236.318  42.104   -3.58   10.11    1.10    0.90 -0.1056 ILLA
 236.351  46.334    6.30    8.40    1.00    0.90 -0.0334 GP35
 236.403  42.719   -3.35    9.39    1.00    0.80 -0.0669 REUB
 236.417  43.644   -0.67    7.88    3.30    3.10 -0.0634 WELK
 236.448  44.504    4.09    8.67    0.80    0.70  0.0234 MRY5
 236.450  44.038    2.71    8.27    0.90    0.80 -0.0104 SOAM
 236.459  46.966    5.24    7.77    0.60    0.60  0.0017 SATS
 236.467  46.991    7.64    6.07    1.00    1.00 -0.1215 A479
 236.500  46.541    6.17    7.56    0.90    0.90  0.0085 FRAN
 236.539  45.797    4.74    7.85    0.90    0.80  0.0409 REST
 236.540  46.268    6.03    8.75    0.70    0.70  0.0085 PARK
 236.555  46.100    3.80    7.94    1.30    1.30  0.0258 NICO
 236.589  43.129   -2.84   10.54    1.20    1.20 -0.1246 B741
 236.645  43.246   -2.31    8.22    1.00    0.90 -0.0668 ROSE
 236.661  42.423   -2.36    8.52    1.10    1.00 -0.1181 FARO
 236.695  44.586    4.55   10.31    0.50    0.50  0.0077 CORV
 236.709  44.391    4.42    7.20    1.70    1.80 -0.0741 E141
 236.725  46.631    4.83    6.80    0.80    0.80 -0.0201 DOTT
 236.769  42.692   -0.69    5.99    3.60    2.70  0.0611 ONIO
 236.795  46.105    4.05    6.98    0.70    0.70 -0.0211 CLAT
 236.837  44.079    3.29    7.37    1.10    1.00 -0.1700 EZEL
 236.861  45.070    2.57    6.86    1.00    0.90 -0.1004 YAMB
 236.869  45.190    2.50    6.56    1.00    0.90 -0.0663 MACK
 236.900  44.633    3.40    7.55    1.30    1.30 -0.1182 C715
 236.935  43.372   -1.23    8.04    0.90    0.80  0.0231 SCOT
 236.996  44.325    2.56    6.32    0.70    0.60  0.0022 TWIN
 237.009  45.524    1.98    6.22    1.00    0.80  0.0211 CHAS
 237.015  46.671    4.79    6.22    0.60    0.60  0.0022 APSA
 237.031  44.510    1.40    7.41    1.20    1.20 -0.0723 PETE
 237.044  44.566    2.51    6.71    0.80    0.80 -0.0546 LANG
 237.075  46.040    3.79    7.90    0.80    0.80 -0.0631 PRES
 237.081  46.283    4.04    7.40    0.80    0.80 -0.0042 CAST
 237.092  46.967    3.96    5.80    0.70    0.60  0.0013 OLYM
 237.104  46.118    3.51    6.79    0.70    0.70 -0.0033 KELS
 237.120  44.990    3.01    6.49    0.80    0.70 -0.0730 HOWE
 237.123  42.323   -3.40    8.39    1.10    1.10 -0.0739 JUST
 237.199  45.857    2.68    7.07    1.10    1.00 -0.0916 HELE
 237.262  43.344   -1.28    6.75    0.90    0.80 -0.0189 STEA
 237.280  46.533    4.62    6.14    1.30    1.20 -0.0491 PTS5
 237.289  41.732   -2.68    7.54    0.60    0.60  0.0032 YBHB
 237.347  43.586   -0.01    7.92    1.10    1.00  0.0030 FARV
 237.429  44.146    1.41    6.30    0.80    0.80 -0.0259 VIDA
 237.434  45.547    2.57    5.70    0.70    0.60 -0.0686 ROCK
 237.446  46.938    2.82    7.30    2.70    2.90 -0.0238 MCKE
 237.453  45.781    2.92    6.10    1.00    1.00 -0.0598 BATT
 237.501  43.752   -0.65    6.38    1.20    1.10 -0.0157 OAKR
 237.520  44.752    2.34    6.48    0.90    0.80 -0.0159 MILL
 237.521  42.065   -5.88    2.38    3.40    3.10 -0.0176 SOR4
 237.536  43.160   -1.66    6.47    1.20    1.10 -0.1529 BLK4
 237.652  42.619   -2.84    5.94    1.00    0.90 -0.1095 RUST
 237.655  46.301    4.35    5.34    1.00    0.90 -0.0727 ELKR
 237.682  46.026    3.20    4.53    0.70    0.70 -0.0453 YALE
 237.730  46.551    4.51    5.52    0.70    0.70 -0.0033 MORT
 237.782  46.275    3.27    6.50    0.60    0.60 -0.0020 JRO1
 237.912  45.533    2.06    8.67    1.10    1.00 -0.0651 LARC
 237.965  45.376    0.94    5.15    1.20    1.00 -0.0715 WHEY
 238.051  44.434    0.28    4.63    0.70    0.70 -0.0022 SANM
 238.095  46.542    3.08    5.61    0.80    0.80 -0.0077 217U
 238.117  45.692    2.02    4.61    1.10    1.00 -0.0520 STEV
 238.195  43.133   -0.95    3.39    1.10    1.00 -0.0068 BEAV
 238.253  42.209   -3.82    5.57    1.20    1.10  0.0316 ALTA
 238.288  45.334    1.29    3.36    1.40    1.10 -0.1451 TIMB
 238.312  43.682   -0.92    3.45    1.10    0.90  0.0025 WICK
 238.325  46.607    1.73    4.85    1.70    1.20 -0.1378 PACK
 238.444  44.306    0.72    3.92    0.90    0.80 -0.0539 SIST
 238.458  46.000    2.65    4.51    0.90    0.80 -0.0092 MARS
 238.672  45.783    2.95    3.45    0.70    0.60 -0.0061 GWEN
 238.700  46.873    2.75    2.74    0.90    0.90 -0.0374 SPIL
 238.717  44.061   -0.67    3.04    1.20    1.10 -0.0586 PIBU
 238.825  45.618    1.74    3.91    0.80    0.70 -0.0676 DALL
 238.852  44.260   -1.11    4.70    0.80    0.80 -0.0054 REDM
 238.867  46.629    3.34    3.09    0.80    0.70 -0.0264 FALL
 238.872  44.634   -0.94    2.99    2.30    1.50 -0.2894 SKYO
 238.939  43.125   -2.32    4.87    1.00    0.80 -0.0282 SILV
 239.135  44.301   -0.55    4.22    1.10    1.10 -0.0220 PRIN
 239.185  45.839    1.55    2.30    0.70    0.70 -0.0061 GOBS
 239.256  45.475    0.09    3.78    1.10    0.90 -0.0496 A545
 239.400  43.814   -0.30    4.24    1.30    1.20 -0.1283 BROT
 239.451  42.704   -3.51    3.73    1.30    1.20 -0.0357 PAIS
 239.461  47.000   -0.08    4.62    0.80    0.80 -0.0062 LIND
 239.523  46.602    0.36    2.51    0.90    0.90 -0.0116 SARG
 239.644  42.189   -7.28    6.57    1.30    1.10  0.0211 W67R
 240.067  42.930   -3.36    2.65    1.20    1.00  0.0292 JUNI
 240.646  41.997   -1.85    3.28    1.70    1.40 -0.0850 LOPE
 240.741  45.827    0.73   -0.25    3.30    3.40 -0.0451 P520
 240.984  41.868   -4.52    1.98    1.80    1.50  0.0012 SHLD
 242.156  42.780   -2.94    2.23    0.90    0.80 -0.0113 BURN


Explanation:

Ve = East component of velocity in mm/yr.
Vn = North component of velocity in mm/yr.
Se = standard deviation of East component of velocity in mm/yr.
Sn = standard deviation of North component of velocity in mm/yr.
NEcorr = North-East velocity correlation.

All velocities are relative to North America. 

